ID	x	y	z
chr9:21145141:C:T	-27.078	-7.371	25.791
chr9:21145148:C:A	-25.513	-2.175	24.769
chr9:21145154:G:GGGCGACGAGGGC	-22.218	-5.837	22.295
chr9:21145154:T:C	-25.513	-2.175	24.769
chr9:21145164:C:A	-19.266	-1.331	23.627
chr9:21145165:T:C	-19.266	-1.331	23.627
chr9:21145171:G:A	-13.364	-1.199	21.798
chr9:21145174:A:G	-16.347	0.018	19.668
chr9:21145174:A:T	-16.347	0.018	19.668
chr9:21145176:G:A	-12.443	-3.814	19.159
chr9:21145184:CCAG:TCAA	-12.46	-1.043	16.494
chr9:21145185:G:C	-7.799	-1.97	19.228
chr9:21145188:G:A	-7.737	-2.505	15.432
chr9:21145188:G:C	-7.737	-2.505	15.432
chr9:21145188:G:GCCA	-6.929	1.206	14.907
chr9:21145193:C:T	-2.364	-1.76	15.735
chr9:21145194:C:T	-4.031	1.277	17.411
chr9:21145195:G:A	-4.031	1.277	17.411
chr9:21145204:C:T	-2.086	3.126	12.892
chr9:21145209:T:TCCAGTGACTGGTAGA	-2.765	-0.558	12.108
chr9:21145214:C:T	1.49	6.68	14.345
chr9:21145215:G:A	-0.672	7.577	11.29
chr9:21145215:G:C	-0.672	7.577	11.29
chr9:21145224:G:A	-5.894	17.369	5.317
chr9:21145228:T:A	-7.862	17.846	2.082
chr9:21145228:T:C	-7.862	17.846	2.082
chr9:21145229:A:C	-3.334	14.523	5.492
chr9:21145245:G:A	-9.617	17.496	-6.438
chr9:21145253:C:A	-0.983	16.079	-7.511
chr9:21145255:C:T	-4.074	15.172	-5.379
chr9:21145255:G:A	-4.873	18.916	-4.877
chr9:21145256:G:C	-0.983	16.079	-7.511
chr9:21145258:T:C	-0.983	16.079	-7.511
chr9:21145259:C:T	-4.873	18.916	-4.877
chr9:21145269:C:A	4.594	15.114	-5.107
chr9:21145274:G:A	4.594	15.114	-5.107
chr9:21145505:G:T	10.684	8.593	0.863
chr9:21145509:G:A	12.072	12.207	0.84
chr9:21145525:C:G	3.334	3.016	4.993
chr9:21145528:C:T	-1.888	7.671	5.691
chr9:21145529:C:A	3.334	3.016	4.993
chr9:21145539:C:T	-5.066	9.021	7.375
chr9:21145564:C:T	-22.77	13.331	-0.849
chr9:21145564:T:C	-22.244	10.727	-3.647
chr9:21145569:C:T	-17.969	14.349	-2.844
chr9:21145569:G:A	-22.77	13.331	-0.849
chr9:21145574:G:A	-17.969	14.349	-2.844
chr9:21145575:A:T	-17.297	10.677	-1.952
chr9:21145576:G:A	-16.637	9.819	-5.643
chr9:21145579:T:C	-14.293	12.86	-5.992
chr9:21145585:C:CCCCCGATCCGCTGACCGA	-10.974	8.996	-7.663
chr9:21145599:G:A	-5.092	9.65	-9.279
chr9:21145605:C:T	-1.277	6.977	-6.235
chr9:21145605:G:A	-2.701	10.562	-6.416
chr9:21145608:A:G	-0.532	7.144	-10.011
chr9:21145613:G:C	4.325	6.191	-8.445
chr9:21145618:C:T	4.325	6.191	-8.445
chr9:21145623:A:T	9.045	7.597	-7.705
chr9:21145634:C:G	13.103	10.515	-9.503
chr9:21145636:C:T	13.103	10.515	-9.503
chr9:21145645:C:T	15.912	7.305	-12.997
chr9:21145645:G:A	17.013	10.969	-12.619
chr9:21145655:G:C	21.51	9.618	-14.442
chr9:21145659:C:T	25.316	9.287	-10.467
chr9:21145665:G:A	27.354	11.707	-14.854
chr9:21145665:T:G	26.313	8.115	-13.993
chr9:21145679:G:A	31.219	8.625	-12.943
chr9:21145681:C:T	30.102	-3.558	-7.749
chr9:21145689:G:A	28.027	-1.756	-3.089
chr9:21145705:A:T	28.457	6.702	-5.365
chr9:21145716:C:T	26.798	12.432	-5.091
chr9:21145725:C:T	24.045	16.983	-4.589
chr9:21146478:A:G	15.61	4.893	-4.281
chr9:21146484:C:A	15.606	2.013	0.304
chr9:21146484:C:T	15.606	2.013	0.304
chr9:21146485:G:A	15.606	2.013	0.304
chr9:21146485:GC:AA	15.606	2.013	0.304
chr9:21146495:G:C	18.291	-2.531	-6.214
chr9:21146495:G:T	18.291	-2.531	-6.214
chr9:21146501:G:T	16.754	-9.351	-9.657
chr9:21146505:C:T	16.754	-9.351	-9.657
chr9:21146506:TGCGCAG:T	23.008	-5.074	-10.752
chr9:21146526:T:A	28.722	-2.649	-18.554
chr9:21146526:T:C	28.722	-2.649	-18.554
chr9:21146534:C:T	27.554	-0.188	-21.273
chr9:21146536:A:G	28.316	2.614	-16.661
chr9:21146538:A:G	25.126	4.177	-18.148
chr9:21146548:C:G	21.763	1.519	-24.663
chr9:21146548:C:T	21.763	1.519	-24.663
chr9:21146551:A:T	23.329	0.199	-19.656
chr9:21146553:G:T	20.278	2.548	-19.845
chr9:21146559:CTG:TTC	17.972	-0.504	-20.157
chr9:21146561:G:A	19.714	-2.104	-17.119
chr9:21146574:C:T	16.848	-1.638	-11.558
chr9:21146575:G:A	15.219	-2.487	-14.926
chr9:21146579:A:G	15.219	-2.487	-14.926
chr9:21146584:A:G	11.445	-0.869	-11.571
chr9:21146594:T:C	9.765	0.429	-6.876
chr9:21146596:T:G	7.898	-3.898	-2.906
chr9:21146599:C:T	7.639	-0.114	-2.221
chr9:21146604:A:C	3.244	2.282	-6.595
chr9:21146604:A:G	3.244	2.282	-6.595
chr9:21147651:T:C	-2.246	-6.348	-8.465
chr9:21147654:A:C	-0.963	-4.21	-11.396
chr9:21147655:C:A	-2.246	-6.348	-8.465
chr9:21147663:TGCA:AAGC	4.499	-14.086	-7.315
chr9:21147663:TGCA:CAGG	4.499	-14.086	-7.315
chr9:21147664:C:G	-1.443	-10.429	-14.28
chr9:21147664:C:T	-1.443	-10.429	-14.28
chr9:21147666:TTGCA:TAAGC	4.499	-14.086	-7.315
chr9:21147666:TTGCA:TCAGG	4.499	-14.086	-7.315
chr9:21147673:T:A	5.606	-11.44	-15.327
chr9:21147673:T:C	5.606	-11.44	-15.327
chr9:21147673:T:G	5.606	-11.44	-15.327
chr9:21147678:C:T	5.606	-11.44	-15.327
chr9:21147681:A:G	8.047	-6.792	-12.886
chr9:21147689:C:T	5.326	-5.899	-17.519
chr9:21147694:G:A	5.326	-5.899	-17.519
chr9:21147694:G:C	5.326	-5.899	-17.519
chr9:21147695:T:A	9.506	-2.386	-17.037
chr9:21147699:C:T	7.961	-2.498	-20.566
chr9:21147704:A:G	2.002	0.137	-18.5
chr9:21147713:G:T	-4.183	0.579	-17.202
chr9:21147714:T:A	-2.069	2.492	-22.068
chr9:21147719:C:T	-2.069	2.492	-22.068
chr9:21147719:TCGC:T	-6.818	-3.802	-18.956
chr9:21147721:C:T	-6.818	-3.802	-18.956
chr9:21147723:G:C	-5.951	-6.397	-13.967
chr9:21147723:GT:CG	-5.951	-6.397	-13.967
chr9:21147724:C:T	-7.887	-0.436	-17.378
chr9:21147725:C:T	-6.818	-3.802	-18.956
chr9:21147725:G:T	-8.797	-6.155	-16.61
chr9:21147726:A:ACAG	-5.951	-6.397	-13.967
chr9:21147726:A:G	-8.797	-6.155	-16.61
chr9:21147728:T:G	-5.951	-6.397	-13.967
chr9:21147729:C:T	-5.951	-6.397	-13.967
chr9:21147729:GCCGGAGT:CCCCGACG	-5.951	-6.397	-13.967
chr9:21147729:GCCGGAGT:CCCTGATG	-5.951	-6.397	-13.967
chr9:21147731:GA:TG	-6.91	-1.921	-10.658
chr9:21147735:C:T	-5.64	-2.551	-14.229
chr9:21147743:C:T	-8.67	-3.36	-2.688
chr9:21147745:C:G	-7.658	-0.981	-5.536
chr9:21147748:GGTA:CATG	-11.315	-0.648	-2.062
chr9:21147749:C:T	-4.263	-2.761	-5.907
chr9:21147751:T:G	-11.996	-1.473	1.616
chr9:21147756:C:G	-15.423	-0.009	2.371
chr9:21147758:C:A	-16.228	1.557	5.773
chr9:21147764:C:T	-22.491	4.471	6.435
chr9:21147765:G:A	-22.491	4.471	6.435
chr9:21147791:ATTC:GTTG	-27.411	3.222	-0.239
chr9:21147791:ATTCT:GTTGC	-27.411	3.222	-0.239
chr9:21147804:A:G	-24.968	2.368	2.617
chr9:21147808:C:A	-16.636	5.71	4.598
chr9:21147814:T:A	-16.636	5.71	4.598
chr9:21147816:A:G	-10.54	2.367	2.446
chr9:21147819:C:T	-7.242	2.478	0.549
chr9:21147823:C:A	1.842	-2.415	-1.056
chr9:21147824:CA:GT	-0.761	0.279	-1.845
chr9:21147834:G:A	5.219	-2.451	0.773
chr9:21149761:C:A	1.485	3.474	0.834
chr9:21149761:C:T	1.485	3.474	0.834
chr9:21149775:C:T	-10.179	7.778	4.282
chr9:21149775:C:T	-7.45	5.327	5.349
chr9:21149778:C:T	-12.952	9.303	6.478
chr9:21149785:CTGA:GCGG	-13.011	14.418	9.535
chr9:21149789:A:T	-10.745	11.366	8.825
chr9:21149791:C:G	-7.307	12.53	16.27
chr9:21149791:C:T	-7.307	12.53	16.27
chr9:21149795:T:C	-7.307	12.53	16.27
chr9:21149811:G:A	-5.224	3.435	9.836
chr9:21149813:C:A	-7.274	0.431	11.143
chr9:21149816:G:A	-7.274	0.431	11.143
chr9:21149825:G:A	-6.367	0.69	5.688
chr9:21149834:A:G	-10.775	-8.287	12.317
chr9:21149835:C:T	-9.963	-5.352	9.985
chr9:21149838:C:A	-12.792	-7.673	15.484
chr9:21149839:A:G	-9.963	-5.352	9.985
chr9:21149845:A:T	-11.317	-13.413	22.286
chr9:21149848:C:T	-8.072	-14.947	23.468
chr9:21149853:G:C	-1.15	-21.963	27.08
chr9:21149971:C:T	-0.926	-24.313	21.659
chr9:21149973:G:A	-3.508	-26.219	19.544
chr9:21149976:C:T	-3.508	-26.219	19.544
chr9:21149981:T:C	-4.211	-20.707	19.822
chr9:21149981:T:G	-4.211	-20.707	19.822
chr9:21149983:G:T	-7.407	-23.141	16.023
chr9:21149986:C:T	-3.666	-22.259	16.341
chr9:21149989:G:C	-4.211	-20.707	19.822
chr9:21149999:C:T	-8.446	-19.579	17.014
chr9:21150003:CA:TG	-8.781	-16.204	9.037
chr9:21150004:C:T	-10.154	-15.778	12.604
chr9:21150008:A:C	-11.929	-18.089	7.851
chr9:21150008:A:T	-11.929	-18.089	7.851
chr9:21150023:G:A	-1.569	-23.014	1.409
chr9:21150025:C:T	-5.046	-23.744	2.872
chr9:21150025:C:T	-5.637	-20.123	4.037
chr9:21150031:T:G	1.477	-18.227	-0.436
chr9:21150034:G:A	0.477	-20.078	2.781
chr9:21150034:G:GCCTTGAAGC	4.427	-12.442	-1.535
chr9:21150034:G:T	0.477	-20.078	2.781
chr9:21150045:G:A	-0.785	-10.689	-1.934
chr9:21150049:A:C	-2.702	-13.856	-0.981
chr9:21150055:G:A	-9.818	-14.265	-0.995
chr9:21150061:C:G	-13.576	-13.003	7.218
chr9:21150069:T:C	-12.644	-15.297	4.348
chr9:21150969:C:A	-14.925	-11.126	13.557
chr9:21150969:C:T	-14.925	-11.126	13.557
chr9:21150974:C:T	-19.216	-12.085	6.709
chr9:21150978:A:G	-10.784	-10.488	2.909
chr9:21150993:A:T	-6.737	-8.404	14.323
chr9:21150994:A:T	-4.999	-8.516	8.527
chr9:21150999:C:T	-8.372	-6.796	17.387
chr9:21151004:C:T	-8.372	-6.796	17.387
chr9:21151005:G:A	-10.429	-8.575	23.677
chr9:21151006:G:A	-10.429	-8.575	23.677
chr9:21151014:C:A	-8.562	-12.848	28.605
chr9:21151045:A:G	4.532	-11.167	24.085
chr9:21151046:G:GGAGATGCACTCA	4.042	-18.264	19.223
chr9:21151048:A:G	2.564	-16.31	23.643
chr9:21151048:AGATGCACTC:TGCTGGACGA	4.042	-18.264	19.223
chr9:21151051:C:T	4.657	-14.518	18.886
chr9:21151054:A:G	1.457	-13.84	20.895
chr9:21151066:A:G	4.011	-19.008	14.343
chr9:21151069:C:T	1.089	-21.49	14.755
chr9:21152279:C:G	2.605	-23.103	9.962
chr9:21152285:C:G	4.248	-23.038	3.676
chr9:21152285:C:T	4.248	-23.038	3.676
chr9:21152285:T:G	0.822	-23.972	5.144
chr9:21152291:G:A	5.863	-19.575	7.359
chr9:21152294:A:G	4.913	-17.082	4.551
chr9:21152294:C:T	5.863	-19.575	7.359
chr9:21152299:T:C	4.913	-17.082	4.551
chr9:21152313:T:C	6.743	-6.044	19.89
chr9:21152323:T:C	0.684	1.382	23.552
chr9:21152325:TT:CG	3.275	-1.346	24.165
chr9:21152326:G:C	0.684	1.382	23.552
chr9:21152329:G:A	4.371	-3.336	21.104
chr9:21152331:C:T	-4.159	5.758	24.055
chr9:21152343:T:A	-5.698	15.592	32.699
chr9:21152344:C:G	-9.18	14.163	31.826
chr9:21152344:C:T	-9.18	14.163	31.826
chr9:21152359:C:T	-9.228	5.527	28.583
chr9:21152361:C:T	-7.745	3.178	25.941
chr9:21152378:C:A	1.651	-7.722	18.804
chr9:21152384:A:G	4.079	-9.391	12.493
chr9:21152413:C:T	-7.118	-2.832	27.84
chr9:21152419:G:A	-4.649	-6.628	22.492
chr9:21153306:C:T	-14.038	8.944	22.706
chr9:21153315:G:T	-16.035	5.368	14.414
chr9:21153324:A:G	-17.222	-1.187	10.424
chr9:21153325:C:G	-17.222	-1.187	10.424
chr9:21153325:C:T	-17.222	-1.187	10.424
chr9:21153329:C:A	-20.339	1.089	10.536
chr9:21153329:C:T	-20.339	1.089	10.536
chr9:21153336:A:G	-15.116	-5.101	0.011
chr9:21153338:C:T	-14.947	-2.531	-2.834
chr9:21153339:A:T	-14.947	-2.531	-2.834
chr9:21153339:T:C	-15.776	-4.238	6.271
chr9:21153348:C:T	-11.054	-5.056	-10.819
chr9:21153351:C:A	-15.971	-8.824	-12.755
chr9:21153356:TTCA:CTTG	-17.473	-10.37	-9.552
chr9:21153359:G:A	-14.846	-5.479	-11.217
chr9:21153363:C:T	-24.373	-7.405	-10.752
chr9:21153375:C:A	-22.913	-3.205	-7.432
chr9:21153379:C:A	-17.22	-3.124	-7.373
chr9:21153379:C:T	-17.22	-3.124	-7.373
chr9:21153385:C:G	-18.991	1.778	-9.12
chr9:21153385:G:A	-18.731	-1.739	-10.617
chr9:21153389:C:G	-18.731	-1.739	-10.617
chr9:21153389:C:T	-18.731	-1.739	-10.617
chr9:21153399:CCTT:C	-15.931	3.455	-12.832
chr9:21153401:G:A	-11.418	4.658	-14.715
chr9:21153403:C:T	-8.99	8.764	-11.907
chr9:21153405:C:T	-11.418	4.658	-14.715
chr9:21153408:A:G	-8.99	8.764	-11.907
chr9:21153409:CCGTCT:GCGGTG	-12.208	8.361	-14.017
chr9:21153409:T:C	-8.99	8.764	-11.907
chr9:21153415:C:T	-6.742	6.968	-14.47
chr9:21153419:A:G	-6.742	6.968	-14.47
chr9:21153423:C:T	-4.998	14.483	-18.57
chr9:21153425:GTCC:G	-4.998	14.483	-18.57
chr9:21153435:A:T	2.274	11.34	-16.833
chr9:21153438:T:G	6.075	11.305	-17.196
chr9:21153444:T:C	8.13	7.432	-20.664
chr9:21153445:C:T	8.13	7.432	-20.664
chr9:21153455:C:A	13.86	10.435	-23.92
chr9:21153456:T:C	13.86	10.435	-23.92
chr9:21188914:C:G	18.976	13.773	-24.724
chr9:21188914:C:T	18.976	13.773	-24.724
chr9:21188914:CCTT:C	21.739	13.346	-22.086
chr9:21188915:C:A	21.739	13.346	-22.086
chr9:21188919:T:C	23.772	10.989	-24.35
chr9:21188919:TCTC:T	18.976	13.773	-24.724
chr9:21188921:CGGC:TGGT	24.648	16.28	-25.085
chr9:21188933:G:A	30.45	18.018	-25.756
chr9:21188946:T:C	33.388	20.032	-29.565
